WER: 16.429403815999677
CER: 4.432771489438971